2.14732974653608
5.2339918752455
5.2339918752455
5.2339918752455
2.63689704741456
5.2339918752455
2.14732974653608
2.14732974653608
2.14732974653608
6.22307703189836
2.14732974653608
6.22307703189836
2.63689704741456
6.22307703189836
2.63689704741456
6.22307703189836
6.22307703189836
7.83705703601399
2.14732974653608
7.83705703601399
7.83705703601399
6.22307703189836
2.14732974653608
6.22307703189836
6.22307703189836
6.22307703189836
6.22307703189836
3.19014789962682
6.22307703189836
6.22307703189836
6.22307703189836
2.14732974653608
6.22307703189836
6.22307703189836
6.22307703189836
6.22307703189836
2.14732974653608
2.14732974653608
4.18122316725886
2.14732974653608
4.18122316725886
4.18122316725886
2.14732974653608
2.14732974653608
4.18122316725886
4.18122316725886
2.14732974653608
4.18122316725886
2.14732974653608
4.18122316725886
3.19014789962682
2.14732974653608
3.19014789962682
3.19014789962682
2.14732974653608
4.18122316725886
3.19014789962682
3.19014789962682
2.14732974653608
3.19014789962682
2.63689704741456
2.14732974653608
2.14732974653608
2.14732974653608
2.63689704741456
2.14732974653608
2.63689704741456
2.14732974653608
2.14732974653608
2.14732974653608
3.19014789962682
2.14732974653608
3.19014789962682
3.19014789962682
3.19014789962682
5.2339918752455
2.14732974653608
5.2339918752455
3.19014789962682
2.14732974653608
2.14732974653608
6.22307703189836
6.22307703189836
7.83705703601399
6.22307703189836
4.18122316725886
2.14732974653608
3.19014789962682
4.18122316725886
2.14732974653608
2.14732974653608
4.18122316725886
4.18122316725886
3.19014789962682
4.18122316725886
3.19014789962682
4.18122316725886
3.19014789962682
3.19014789962682
2.14732974653608
3.19014789962682
4.18122316725886
4.18122316725886
2.14732974653608
4.18122316725886
4.18122316725886
3.19014789962682
2.14732974653608
3.19014789962682
2.63689704741456
2.14732974653608
2.14732974653608
2.14732974653608
3.19014789962682
3.19014789962682
2.14732974653608
4.18122316725886
2.14732974653608
2.14732974653608
3.19014789962682
2.14732974653608
4.18122316725886
2.14732974653608
4.18122316725886
4.18122316725886
2.63689704741456
3.19014789962682
4.18122316725886
4.18122316725886
4.18122316725886
2.14732974653608
3.19014789962682
4.18122316725886
4.18122316725886
2.14732974653608
2.14732974653608
4.18122316725886
2.14732974653608
2.14732974653608
5.2339918752455
2.14732974653608
5.2339918752455
2.14732974653608
5.2339918752455
5.2339918752455
2.63689704741456
3.19014789962682
2.14732974653608
2.14732974653608
3.19014789962682
3.19014789962682
4.18122316725886
2.63689704741456
2.14732974653608
4.18122316725886
2.14732974653608
7.83705703601399
3.19014789962682
7.83705703601399
